SIMULATION:
  TRAINING_SIMS: [0.0001, 0.0005, 0.001, 0.0025, 0.005, 0.0075, 0.01, 0.05]
  TEST_SIMS: [0.00025, 0.00075, 0.002, 0.004, 0.006, 0.008, 0.025]
  COARSE_SPACING: 0.05
  FINE_SIZE: 100
  COARSE_SIZE: 20

NETWORK:
  NUM_HIDDEN_LAYERS: 4
  NUM_NEURONS: 10

TRAINING:
  N_EPOCHS: 500
  LEARNING_RATE: 0.001
  MIN_LEARNING_RATE: 0.0001
  EVALUATE: True
  INVARIANCE: True
  TENSOR_INVARIANTS: True
  TRAINING_FRACTION: 0.8
  BATCH_SIZE: 1
  
